0 0.584375 0.989583 0.031250 0.004167
0 0.615625 0.985417 0.012500 0.004167
0 0.554688 0.985417 0.015625 0.004167
0 0.920312 0.947917 0.021875 0.004167
0 0.276562 0.947917 0.021875 0.004167
0 0.193750 0.935417 0.006250 0.004167
0 0.121875 0.935417 0.025000 0.004167
0 0.598437 0.489583 0.021875 0.004167
0 0.428125 0.489583 0.006250 0.004167
0 0.200000 0.489583 0.050000 0.004167
0 0.870313 0.477083 0.015625 0.004167
0 0.778125 0.460417 0.006250 0.004167
0 0.479687 0.460417 0.015625 0.004167
0 0.500000 0.718750 1.000000 0.529167
0 0.682813 0.447917 0.009375 0.004167
