0 0.453125 0.693750 0.006250 0.004167
0 0.614062 0.689583 0.059375 0.004167
0 0.723437 0.685417 0.028125 0.004167
0 0.653125 0.685417 0.012500 0.004167
0 0.579688 0.685417 0.003125 0.004167
0 0.504687 0.685417 0.003125 0.004167
0 0.342187 0.685417 0.021875 0.004167
0 0.395313 0.677083 0.021875 0.004167
0 0.234375 0.647917 0.012500 0.004167
0 0.042188 0.614583 0.015625 0.004167
0 0.056250 0.610417 0.006250 0.004167
0 0.043750 0.564583 0.031250 0.004167
0 0.940625 0.522917 0.006250 0.004167
0 0.668750 0.456250 0.025000 0.004167
0 0.701562 0.452083 0.015625 0.004167
0 0.518750 0.427083 0.006250 0.004167
0 0.507812 0.545833 0.984375 0.283333
0 0.401562 0.402083 0.040625 0.004167
