0 0.715625 0.527083 0.031250 0.004167
0 0.748437 0.522917 0.021875 0.004167
0 0.689063 0.522917 0.015625 0.004167
0 0.603125 0.497917 0.031250 0.004167
0 0.445312 0.497917 0.046875 0.004167
0 0.631250 0.493750 0.006250 0.004167
0 0.339062 0.447917 0.003125 0.004167
0 0.279687 0.435417 0.009375 0.004167
0 0.914062 0.314583 0.003125 0.004167
0 0.879687 0.302083 0.009375 0.004167
0 0.385937 0.202083 0.034375 0.004167
0 0.198437 0.164583 0.009375 0.004167
0 0.506250 0.341667 0.987500 0.358333
0 0.159375 0.160417 0.062500 0.004167
