0 0.482812 0.664583 0.003125 0.004167
0 0.259375 0.647917 0.006250 0.004167
0 0.650000 0.639583 0.043750 0.004167
0 0.621875 0.635417 0.006250 0.004167
0 0.193750 0.622917 0.006250 0.004167
0 0.184375 0.622917 0.006250 0.004167
0 0.960938 0.364583 0.003125 0.004167
0 0.804688 0.364583 0.009375 0.004167
0 0.996875 0.360417 0.006250 0.004167
0 0.923438 0.352083 0.015625 0.004167
0 0.887500 0.347917 0.050000 0.004167
0 0.110937 0.339583 0.003125 0.004167
0 0.170313 0.327083 0.053125 0.004167
0 0.500000 0.500000 1.000000 0.358333
