0 0.152083 0.885938 0.004167 0.003125
0 0.147917 0.871875 0.004167 0.018750
0 0.610417 0.589063 0.004167 0.003125
0 0.622917 0.564063 0.004167 0.003125
0 0.289583 0.551562 0.004167 0.021875
0 0.360417 0.392188 0.004167 0.009375
0 0.352083 0.325000 0.004167 0.025000
0 0.647917 0.295312 0.004167 0.003125
0 0.368750 0.246875 0.004167 0.006250
0 0.364583 0.182812 0.004167 0.015625
0 0.368750 0.160938 0.004167 0.003125
0 0.364583 0.118750 0.004167 0.006250
0 0.547917 0.107813 0.004167 0.009375
0 0.412500 0.451562 0.516667 0.903125
