0 0.250000 0.647917 0.062500 0.004167
0 0.214062 0.647917 0.003125 0.004167
0 0.164062 0.635417 0.009375 0.004167
0 0.287500 0.277083 0.018750 0.004167
0 0.531250 0.239583 0.006250 0.004167
0 0.481250 0.231250 0.006250 0.004167
0 0.468750 0.231250 0.006250 0.004167
0 0.598437 0.164583 0.009375 0.004167
0 0.787500 0.114583 0.012500 0.004167
0 0.500000 0.362500 1.000000 0.566667
0 0.973437 0.077083 0.015625 0.004167
0 0.918750 0.077083 0.006250 0.004167
0 0.992188 0.072917 0.015625 0.004167
0 0.943750 0.072917 0.037500 0.004167
