0 0.401562 0.635417 0.009375 0.004167
0 0.545312 0.627083 0.015625 0.004167
0 0.460938 0.622917 0.003125 0.004167
0 0.696875 0.614583 0.025000 0.004167
0 0.678125 0.610417 0.006250 0.004167
0 0.606250 0.610417 0.012500 0.004167
0 0.832812 0.585417 0.028125 0.004167
0 0.275000 0.577083 0.012500 0.004167
0 0.876563 0.572917 0.003125 0.004167
0 0.264062 0.572917 0.003125 0.004167
0 0.757812 0.377083 0.021875 0.004167
0 0.732812 0.372917 0.003125 0.004167
0 0.637500 0.364583 0.006250 0.004167
0 0.906250 0.352083 0.050000 0.004167
0 0.478125 0.314583 0.006250 0.004167
0 0.500000 0.456250 1.000000 0.354167
0 0.987500 0.258333 0.025000 0.100000
