0 0.739062 0.610417 0.003125 0.004167
0 0.320312 0.602083 0.021875 0.004167
0 0.393750 0.585417 0.006250 0.004167
0 0.415625 0.581250 0.018750 0.004167
0 0.031250 0.527083 0.018750 0.004167
0 0.712500 0.302083 0.012500 0.004167
0 0.775000 0.293750 0.025000 0.004167
0 0.970313 0.289583 0.003125 0.004167
0 0.801562 0.289583 0.009375 0.004167
0 0.557813 0.289583 0.003125 0.004167
0 0.893750 0.277083 0.050000 0.004167
0 0.489063 0.277083 0.003125 0.004167
0 0.445312 0.264583 0.003125 0.004167
0 0.414062 0.252083 0.003125 0.004167
0 0.278125 0.202083 0.006250 0.004167
0 0.121875 0.189583 0.006250 0.004167
0 0.500000 0.395833 1.000000 0.450000
