0 0.647917 0.832812 0.004167 0.009375
0 0.227083 0.807813 0.004167 0.009375
0 0.222917 0.767188 0.004167 0.059375
0 0.227083 0.729688 0.004167 0.009375
0 0.660417 0.721875 0.004167 0.025000
0 0.239583 0.559375 0.004167 0.012500
0 0.239583 0.546875 0.004167 0.006250
0 0.522917 0.445312 0.004167 0.009375
0 0.235417 0.321875 0.004167 0.012500
0 0.218750 0.276562 0.004167 0.003125
0 0.202083 0.139063 0.004167 0.003125
0 0.435417 0.078125 0.004167 0.006250
0 0.422917 0.039062 0.004167 0.003125
0 0.172917 0.029687 0.004167 0.021875
0 0.420833 0.500000 0.483333 1.000000
