0 0.822917 0.943750 0.004167 0.006250
0 0.835417 0.903125 0.004167 0.012500
0 0.860417 0.814063 0.004167 0.003125
0 0.872917 0.792188 0.004167 0.003125
0 0.464583 0.785937 0.004167 0.003125
0 0.452083 0.725000 0.004167 0.043750
0 0.452083 0.687500 0.004167 0.018750
0 0.764583 0.520312 0.004167 0.015625
0 0.427083 0.345313 0.004167 0.009375
0 0.427083 0.326562 0.004167 0.015625
0 0.697917 0.318750 0.004167 0.012500
0 0.443750 0.251563 0.004167 0.009375
0 0.660417 0.148438 0.004167 0.003125
0 0.631250 0.004687 0.004167 0.009375
0 0.639583 0.500000 0.487500 1.000000
