0 0.545312 0.797917 0.015625 0.004167
0 0.610938 0.785417 0.009375 0.004167
0 0.420312 0.781250 0.009375 0.004167
0 0.387500 0.772917 0.006250 0.004167
0 0.803125 0.747917 0.012500 0.004167
0 0.317188 0.747917 0.003125 0.004167
0 0.281250 0.735417 0.006250 0.004167
0 0.126562 0.477083 0.003125 0.004167
0 0.520312 0.427083 0.003125 0.004167
0 0.465625 0.427083 0.006250 0.004167
0 0.856250 0.414583 0.068750 0.004167
0 0.753125 0.414583 0.037500 0.004167
0 0.281250 0.414583 0.006250 0.004167
0 0.695312 0.410417 0.071875 0.004167
0 0.314063 0.402083 0.003125 0.004167
0 0.500000 0.597917 1.000000 0.412500
