0 0.421875 0.627083 0.006250 0.004167
0 0.553125 0.618750 0.012500 0.004167
0 0.364063 0.614583 0.009375 0.004167
0 0.612500 0.602083 0.012500 0.004167
0 0.710938 0.597917 0.046875 0.004167
0 0.839063 0.585417 0.009375 0.004167
0 0.048438 0.585417 0.009375 0.004167
0 0.803125 0.581250 0.031250 0.004167
0 0.239063 0.572917 0.009375 0.004167
0 0.200000 0.572917 0.031250 0.004167
0 0.145313 0.568750 0.059375 0.004167
0 0.696875 0.339583 0.012500 0.004167
0 0.910937 0.327083 0.078125 0.004167
0 0.500000 0.456250 1.000000 0.329167
0 0.478125 0.289583 0.025000 0.004167
