0 0.270313 0.777083 0.046875 0.004167
0 0.334375 0.772917 0.031250 0.004167
0 0.312500 0.772917 0.006250 0.004167
0 0.235937 0.772917 0.015625 0.004167
0 0.192188 0.760417 0.003125 0.004167
0 0.481250 0.722917 0.012500 0.004167
0 0.548438 0.702083 0.003125 0.004167
0 0.412500 0.464583 0.006250 0.004167
0 0.421875 0.460417 0.006250 0.004167
0 0.835938 0.372917 0.009375 0.004167
0 0.815625 0.264583 0.018750 0.004167
0 0.842187 0.262500 0.028125 0.008333
0 0.889062 0.252083 0.009375 0.004167
0 0.457813 0.508333 0.915625 0.525000
