0 0.582812 0.664583 0.009375 0.004167
0 0.312500 0.614583 0.012500 0.004167
0 0.121875 0.577083 0.012500 0.004167
0 0.096875 0.552083 0.012500 0.004167
0 0.800000 0.356250 0.006250 0.004167
0 0.781250 0.352083 0.012500 0.004167
0 0.684375 0.352083 0.062500 0.004167
0 0.746875 0.347917 0.043750 0.004167
0 0.160938 0.252083 0.003125 0.004167
0 0.151562 0.252083 0.009375 0.004167
0 0.218750 0.247917 0.081250 0.004167
0 0.500000 0.452083 1.000000 0.420833
0 0.075000 0.239583 0.037500 0.004167
0 0.051562 0.239583 0.003125 0.004167
