0 0.512500 0.489583 0.031250 0.004167
0 0.539062 0.485417 0.009375 0.004167
0 0.735938 0.477083 0.034375 0.004167
0 0.781250 0.472917 0.006250 0.004167
0 0.703125 0.472917 0.012500 0.004167
0 0.639062 0.468750 0.065625 0.004167
0 0.245312 0.460417 0.003125 0.004167
0 0.042188 0.385417 0.015625 0.004167
0 0.148438 0.289583 0.009375 0.004167
0 0.256250 0.264583 0.012500 0.004167
0 0.320312 0.252083 0.009375 0.004167
0 0.685937 0.127083 0.040625 0.004167
0 0.621875 0.127083 0.012500 0.004167
0 0.500000 0.300000 1.000000 0.366667
0 0.878125 0.114583 0.012500 0.004167
