0 0.257812 0.772917 0.021875 0.004167
0 0.487500 0.760417 0.062500 0.004167
0 0.173437 0.747917 0.003125 0.004167
0 0.010937 0.577083 0.003125 0.004167
0 0.845313 0.572917 0.003125 0.004167
0 0.003125 0.572917 0.006250 0.004167
0 0.937500 0.547917 0.006250 0.004167
0 0.192188 0.514583 0.003125 0.004167
0 0.340625 0.464583 0.031250 0.004167
0 0.614062 0.414583 0.015625 0.004167
0 0.585938 0.410417 0.015625 0.004167
0 0.668750 0.402083 0.006250 0.004167
0 0.942187 0.377083 0.003125 0.004167
0 0.500000 0.575000 1.000000 0.416667
0 0.778125 0.364583 0.031250 0.004167
