0 0.589583 0.975000 0.004167 0.006250
0 0.710417 0.864062 0.004167 0.003125
0 0.760417 0.731250 0.004167 0.006250
0 0.772917 0.704688 0.004167 0.003125
0 0.735417 0.526563 0.004167 0.003125
0 0.364583 0.487500 0.004167 0.012500
0 0.631250 0.343750 0.004167 0.031250
0 0.635417 0.242188 0.004167 0.034375
0 0.610417 0.189062 0.004167 0.003125
0 0.597917 0.126562 0.004167 0.021875
0 0.585417 0.093750 0.004167 0.006250
0 0.327083 0.093750 0.004167 0.012500
0 0.322917 0.076563 0.004167 0.015625
0 0.327083 0.062500 0.004167 0.006250
0 0.562500 0.500000 0.466667 1.000000
