0 0.029687 0.818750 0.003125 0.004167
0 0.304688 0.747917 0.009375 0.004167
0 0.264062 0.735417 0.003125 0.004167
0 0.098437 0.722917 0.003125 0.004167
0 0.076563 0.677083 0.003125 0.004167
0 0.601562 0.672917 0.009375 0.004167
0 0.137500 0.664583 0.006250 0.004167
0 0.717187 0.652083 0.009375 0.004167
0 0.842187 0.597917 0.009375 0.004167
0 0.920312 0.572917 0.009375 0.004167
0 0.996875 0.556250 0.006250 0.004167
0 0.339062 0.464583 0.003125 0.004167
0 0.681250 0.402083 0.012500 0.004167
0 0.507812 0.539583 0.984375 0.545833
