0 0.509375 0.810417 0.006250 0.004167
0 0.279687 0.772917 0.003125 0.004167
0 0.621875 0.747917 0.006250 0.004167
0 0.071875 0.747917 0.012500 0.004167
0 0.654687 0.735417 0.003125 0.004167
0 0.826562 0.697917 0.003125 0.004167
0 0.721875 0.697917 0.006250 0.004167
0 0.137500 0.689583 0.012500 0.004167
0 0.748437 0.685417 0.003125 0.004167
0 0.990625 0.635417 0.012500 0.004167
0 0.429688 0.464583 0.009375 0.004167
0 0.940625 0.402083 0.006250 0.004167
0 0.893750 0.397917 0.012500 0.004167
0 0.873437 0.397917 0.015625 0.004167
0 0.500000 0.593750 1.000000 0.454167
0 0.985938 0.364583 0.003125 0.004167
