0 0.957812 0.558296 0.003125 0.004484
0 0.903125 0.535874 0.006250 0.004484
0 0.931250 0.486547 0.006250 0.004484
0 0.629687 0.486547 0.121875 0.004484
0 0.529687 0.486547 0.040625 0.004484
0 0.473438 0.473094 0.003125 0.004484
0 0.401562 0.432735 0.028125 0.004484
0 0.242188 0.257848 0.009375 0.004484
0 0.153125 0.172646 0.006250 0.004484
0 0.381250 0.132287 0.012500 0.004484
0 0.103125 0.109865 0.006250 0.004484
0 0.117188 0.100897 0.003125 0.004484
0 0.073438 0.029148 0.028125 0.004484
0 0.507812 0.282511 0.984375 0.565022
