0 0.531250 0.829688 0.004167 0.003125
0 0.377083 0.768750 0.004167 0.006250
0 0.435417 0.721875 0.004167 0.012500
0 0.435417 0.634375 0.004167 0.006250
0 0.227083 0.485938 0.004167 0.009375
0 0.227083 0.454688 0.004167 0.046875
0 0.214583 0.354687 0.004167 0.009375
0 0.202083 0.268750 0.004167 0.012500
0 0.164583 0.200000 0.004167 0.006250
0 0.147917 0.090625 0.004167 0.006250
0 0.139583 0.059375 0.004167 0.006250
0 0.135417 0.050000 0.004167 0.006250
0 0.139583 0.039062 0.004167 0.009375
0 0.337500 0.421875 0.391667 0.843750
