0 0.457813 0.872917 0.015625 0.004167
0 0.295312 0.860417 0.003125 0.004167
0 0.260937 0.847917 0.003125 0.004167
0 0.889062 0.735417 0.003125 0.004167
0 0.954688 0.710417 0.009375 0.004167
0 0.135937 0.589583 0.003125 0.004167
0 0.198437 0.552083 0.003125 0.004167
0 0.429688 0.539583 0.003125 0.004167
0 0.410938 0.531250 0.003125 0.004167
0 0.401562 0.527083 0.003125 0.004167
0 0.345313 0.514583 0.040625 0.004167
0 0.982812 0.485417 0.034375 0.004167
0 0.615625 0.485417 0.006250 0.004167
0 0.500000 0.668750 1.000000 0.420833
