0 0.385417 0.842187 0.004167 0.009375
0 0.289583 0.625000 0.004167 0.006250
0 0.510417 0.556250 0.004167 0.043750
0 0.314583 0.537500 0.004167 0.018750
0 0.510417 0.443750 0.004167 0.006250
0 0.352083 0.385937 0.004167 0.009375
0 0.393750 0.198437 0.004167 0.003125
0 0.389583 0.185938 0.004167 0.003125
0 0.389583 0.178125 0.004167 0.006250
0 0.385417 0.154688 0.004167 0.003125
0 0.497917 0.145313 0.004167 0.003125
0 0.485417 0.118750 0.004167 0.006250
0 0.364583 0.110937 0.004167 0.021875
0 0.412500 0.498437 0.258333 0.940625
