0 0.822917 0.989062 0.004167 0.021875
0 0.818750 0.954688 0.004167 0.015625
0 0.860417 0.879687 0.004167 0.003125
0 0.885417 0.835938 0.004167 0.003125
0 0.910417 0.746875 0.004167 0.025000
0 0.897917 0.653125 0.004167 0.006250
0 0.539583 0.475000 0.004167 0.006250
0 0.835417 0.432812 0.004167 0.003125
0 0.647917 0.159375 0.004167 0.006250
0 0.635417 0.135937 0.004167 0.003125
0 0.527083 0.084375 0.004167 0.006250
0 0.610417 0.078125 0.004167 0.006250
0 0.514583 0.032813 0.004167 0.009375
0 0.514583 0.021875 0.004167 0.006250
0 0.693750 0.500000 0.429167 1.000000
