0 0.471875 0.897917 0.006250 0.004167
0 0.392188 0.872917 0.003125 0.004167
0 0.259375 0.835417 0.006250 0.004167
0 0.054688 0.564583 0.009375 0.004167
0 0.971875 0.493750 0.018750 0.004167
0 0.935937 0.489583 0.003125 0.004167
0 0.928125 0.489583 0.006250 0.004167
0 0.906250 0.489583 0.006250 0.004167
0 0.898438 0.489583 0.003125 0.004167
0 0.870313 0.489583 0.003125 0.004167
0 0.862500 0.489583 0.006250 0.004167
0 0.206250 0.489583 0.031250 0.004167
0 0.753125 0.477083 0.037500 0.004167
0 0.717187 0.477083 0.028125 0.004167
0 0.689063 0.477083 0.021875 0.004167
0 0.453125 0.477083 0.006250 0.004167
0 0.589063 0.464583 0.003125 0.004167
0 0.500000 0.681250 1.000000 0.454167
