0 0.164062 0.597917 0.009375 0.004167
0 0.295312 0.572917 0.009375 0.004167
0 0.351562 0.552083 0.003125 0.004167
0 0.487500 0.522917 0.006250 0.004167
0 0.585938 0.502083 0.015625 0.004167
0 0.601562 0.497917 0.009375 0.004167
0 0.020313 0.306250 0.003125 0.004167
0 0.842187 0.247917 0.003125 0.004167
0 0.425000 0.243750 0.112500 0.004167
0 0.281250 0.239583 0.137500 0.004167
0 0.903125 0.222917 0.006250 0.004167
0 0.921875 0.218750 0.012500 0.004167
0 0.600000 0.202083 0.006250 0.004167
0 0.676562 0.177083 0.009375 0.004167
0 0.712500 0.172917 0.056250 0.004167
0 0.495312 0.325000 0.990625 0.541667
