0 0.595313 0.502083 0.040625 0.004167
0 0.623437 0.497917 0.009375 0.004167
0 0.539062 0.485417 0.003125 0.004167
0 0.434375 0.477083 0.012500 0.004167
0 0.245312 0.477083 0.009375 0.004167
0 0.360938 0.472917 0.009375 0.004167
0 0.254688 0.472917 0.003125 0.004167
0 0.373437 0.468750 0.003125 0.004167
0 0.160938 0.443750 0.009375 0.004167
0 0.548438 0.264583 0.003125 0.004167
0 0.907813 0.252083 0.003125 0.004167
0 0.598437 0.252083 0.003125 0.004167
0 0.275000 0.239583 0.050000 0.004167
0 0.218750 0.239583 0.025000 0.004167
0 0.179688 0.235417 0.046875 0.004167
0 0.500000 0.372917 1.000000 0.337500
0 0.717187 0.206250 0.009375 0.004167
0 0.759375 0.202083 0.056250 0.004167
