0 0.831250 0.864583 0.043750 0.004167
0 0.803125 0.860417 0.006250 0.004167
0 0.729688 0.827083 0.009375 0.004167
0 0.739062 0.822917 0.003125 0.004167
0 0.439063 0.647917 0.003125 0.004167
0 0.417187 0.439583 0.009375 0.004167
0 0.385937 0.439583 0.003125 0.004167
0 0.337500 0.414583 0.018750 0.004167
0 0.960938 0.327083 0.003125 0.004167
0 0.726562 0.302083 0.003125 0.004167
0 0.892188 0.289583 0.003125 0.004167
0 0.753125 0.289583 0.006250 0.004167
0 0.567187 0.570833 0.865625 0.583333
0 0.832812 0.277083 0.040625 0.004167
