0 0.620313 0.847917 0.003125 0.004167
0 0.270313 0.835417 0.021875 0.004167
0 0.667188 0.822917 0.003125 0.004167
0 0.184375 0.822917 0.012500 0.004167
0 0.507812 0.564583 0.003125 0.004167
0 0.304688 0.547917 0.009375 0.004167
0 0.432812 0.539583 0.009375 0.004167
0 0.239063 0.539583 0.009375 0.004167
0 0.693750 0.535417 0.006250 0.004167
0 0.665625 0.535417 0.006250 0.004167
0 0.559375 0.535417 0.006250 0.004167
0 0.534375 0.535417 0.012500 0.004167
0 0.882812 0.527083 0.003125 0.004167
0 0.490625 0.691667 0.981250 0.358333
0 0.907813 0.514583 0.003125 0.004167
0 0.918750 0.510417 0.012500 0.004167
